"nbhd_code","Albedo_2011"
"casablanca_025",0.162919062065291
"casablanca_011",0.160847953560153
"casablanca_012",0.16234951561518
"casablanca_031",0.162909235184774
"casablanca_019",0.16634652852637
"casablanca_016",0.157788769507692
"casablanca_002",0.157022094829324
"casablanca_014",0.143733851568068
"casablanca_022",0.134684427348014
"casablanca_005",0.137399502242926
"casablanca_015",0.15669405870208
"casablanca_021",0.156471178716591
"casablanca_026",0.159465903735124
"casablanca_027",0.162485353999737
"casablanca_009",0.152559658148025
"casablanca_010",0.141423044088054
"casablanca_006",0.141576457731637
"casablanca_033",0.151965522016062
"casablanca_008",0.130284870543682
"casablanca_023",0.15773151997745
"casablanca_018",0.161790391276188
"casablanca_032",0.161257125641477
"casablanca_030",0.161891593631116
"casablanca_034",0.164676770186335
"casablanca_001",0.159967271716506
"casablanca_013",0.162036153580276
"casablanca_003",0.156068559030344
"casablanca_029",0.158965604391265
"casablanca_004",0.140687345888688
"casablanca_017",0.145520584140244
"casablanca_028",0.12552388047578
"casablanca_020",0.134256100981767
"casablanca_024",0.109838854065468
"casablanca_007",0.130391362901778
"barcelona_22",0.0958704613902796
"barcelona_39",0.106031798806479
"barcelona_40",0.103297165414771
"barcelona_43",0.113099671169535
"barcelona_28",0.120731919703579
"barcelona_41",0.130660348544736
"barcelona_38",0.130674102079395
"barcelona_29",0.131578541374474
"barcelona_25",0.124938739460172
"barcelona_27",0.135924440495241
"barcelona_26",0.130177736999438
"barcelona_24",0.131490764955868
"barcelona_23",0.12486303091229
"barcelona_21",0.130209580274798
"barcelona_20",0.140317099640507
"barcelona_19",0.131769105564019
"barcelona_18",0.136724720649832
"barcelona_8",0.13172050088155
"barcelona_9",0.133031537360727
"barcelona_15",0.137341969141969
"barcelona_14",0.136941245593419
"barcelona_16",0.138864157420679
"barcelona_17",0.140399736856478
"barcelona_13",0.141598517052522
"barcelona_11",0.127852980744473
"barcelona_12",0.12722122889274
"barcelona_1",0.121180210366736
"barcelona_2",0.116146875022862
"barcelona_3",0.089115895348206
"barcelona_10",0.12463308012079
"barcelona_7",0.130885215567229
"barcelona_31",0.134923287407606
"barcelona_30",0.134783832023206
"barcelona_37",0.134841445629387
"barcelona_32",0.135879997852585
"barcelona_34",0.131822690217391
"barcelona_36",0.140203539823009
"barcelona_33",0.133771762109836
"barcelona_6",0.132118070242358
"barcelona_35",0.137804546811263
"barcelona_64",0.136190345771996
"barcelona_63",0.138888642413487
"barcelona_62",0.137441088615997
"barcelona_65",0.134871686447586
"barcelona_5",0.129682359457214
"barcelona_66",0.130909439665194
"barcelona_4",0.126986131616316
"barcelona_67",0.111371094269379
"barcelona_68",0.0978849562821895
"barcelona_71",0.133279635520993
"barcelona_61",0.139757885941725
"barcelona_72",0.141463718074562
"barcelona_73",0.145492000869054
"barcelona_69",0.0899796684391617
"barcelona_70",0.100339060308555
"barcelona_56",0.124338450443025
"barcelona_57",0.136649395227198
"barcelona_59",0.143821758634141
"barcelona_60",0.142569076644822
"barcelona_44",0.139641196728368
"barcelona_45",0.143539173482566
"barcelona_52",0.138644147157191
"barcelona_53",0.125793876621899
"barcelona_58",0.144265010351967
"barcelona_54",0.112441477491343
"barcelona_50",0.122382070026933
"barcelona_55",0.11595652173913
"barcelona_49",0.121724890461746
"barcelona_48",0.138281217090417
"barcelona_51",0.136739130434783
"barcelona_46",0.143256258234519
"barcelona_47",0.143015050167224
"barcelona_42",0.137282608695652
"istanbul_032",0.138054360715541
"istanbul_015",0.13609273913036
"istanbul_014",0.122989736211753
"istanbul_002",0.125399528535393
"istanbul_018",0.142379264019699
"istanbul_008",0.135349146839738
"istanbul_012",0.139247719487766
"istanbul_001",0.051480132031746
"istanbul_004",0.104164580850025
"istanbul_026",0.116406126248577
"istanbul_007",0.126643385527351
"istanbul_006",0.131966834686594
"istanbul_005",0.125380127762403
"istanbul_022",0.130121763786759
"istanbul_017",0.121872450099713
"istanbul_019",0.117739516810262
"istanbul_035",0.10526854681163
"istanbul_009",0.125531832002738
"istanbul_021",0.124259843924579
"istanbul_024",0.116211880045221
"istanbul_020",0.108576050221626
"istanbul_013",0.102564475662002
"istanbul_033",0.108165712144677
"istanbul_030",0.11174257280908
"istanbul_010",0.103979285953141
"istanbul_038",0.108902012897673
"istanbul_023",0.117403642901834
"istanbul_039",0.122323576823073
"istanbul_025",0.126402374116936
"istanbul_028",0.116422735709512
"istanbul_027",0.122339283137621
"istanbul_034",0.135079570893121
"istanbul_029",0.126110512336619
"istanbul_003",0.131324984008833
"istanbul_037",0.120691290082847
"istanbul_016",0.122461084221931
"istanbul_011",0.121371692178739
"istanbul_036",0.139943983679756
"istanbul_031",0.123679334820883
"telaviv_045",0.113735213224059
"telaviv_047",0.139515619967794
"telaviv_046",0.136083084886128
"telaviv_049",0.144323188405797
"telaviv_048",0.14659709382151
"telaviv_050",0.14678080265759
"telaviv_051",0.15312209799862
"telaviv_014",0.154480676328502
"telaviv_015",0.151391304347826
"telaviv_007",0.150988749046529
"telaviv_008",0.145287798036466
"telaviv_002",0.12660250056319
"telaviv_001",0.123229913551996
"telaviv_004",0.14018506757857
"telaviv_009",0.142112622103045
"telaviv_003",0.101618242466069
"telaviv_005",0.153321160462934
"telaviv_010",0.148052627161323
"telaviv_011",0.147840913821245
"telaviv_012",0.148802995169082
"telaviv_013",0.149080524836304
"telaviv_016",0.147866666666667
"telaviv_018",0.153226936531734
"telaviv_019",0.150323941742
"telaviv_026",0.151826086956522
"telaviv_027",0.153983417593529
"telaviv_028",0.154322286409243
"telaviv_025",0.155475910693302
"telaviv_017",0.155934782608696
"telaviv_022",0.159207990599295
"telaviv_020",0.164472577436772
"telaviv_021",0.163913043478261
"telaviv_023",0.159182812102721
"telaviv_024",0.15886884057971
"telaviv_070",0.148546782608696
"telaviv_060",0.147423344556678
"telaviv_069",0.151633853946813
"telaviv_059",0.147795395395395
"telaviv_061",0.147311111111111
"telaviv_062",0.149501515151515
"telaviv_058",0.14690663507109
"telaviv_068",0.151018641659562
"telaviv_067",0.153982608695652
"telaviv_063",0.15189434365551
"telaviv_065",0.153613193403298
"telaviv_064",0.152678201715469
"telaviv_066",0.151784364029166
"telaviv_071",0.151152173913043
"telaviv_054",0.150658639684223
"telaviv_056",0.151323888334191
"telaviv_043",0.152981113609862
"telaviv_053",0.149607230749914
"telaviv_037",0.137027973203843
"telaviv_041",0.144554833021949
"telaviv_040",0.143939530596935
"telaviv_031",0.138295608118859
"telaviv_035",0.144343800802359
"telaviv_030",0.116414619286986
"telaviv_034",0.141698187486394
"telaviv_036",0.141283350234684
"telaviv_057",0.148028521193093
"telaviv_032",0.1416386432834
"telaviv_006",0.148468578735842
"telaviv_033",0.140675206343017
"telaviv_029",0.0964113839536489
"telaviv_038",0.083033955028057
"telaviv_039",0.104457811753464
"telaviv_042",0.142500264038021
"telaviv_052",0.15465
"telaviv_055",0.151021739130435
"telaviv_044",0.107375
"Johannesburg_1",0.149230766012202
"Johannesburg_2",0.151264737748327
"Johannesburg_3",0.150747199180015
"Johannesburg_6",0.138679918567138
"Johannesburg_23",0.133177280575763
"Johannesburg_125",0.135607740859041
"Johannesburg_122",0.140002314056256
"Johannesburg_119",0.133608112238694
"Johannesburg_24",0.137862908535652
"Johannesburg_18",0.142420840738874
"Johannesburg_54",0.135942968210365
"Johannesburg_55",0.139308862076873
"Johannesburg_124",0.14291973529525
"Johannesburg_68",0.152929834587265
"Johannesburg_58",0.136007705719952
"Johannesburg_29",0.165170340501579
"Johannesburg_27",0.159167039231027
"Johannesburg_26",0.146419406150583
"Johannesburg_28",0.148378143405466
"Johannesburg_25",0.136419985981555
"Johannesburg_30",0.140567836618815
"Johannesburg_31",0.143438472572587
"Johannesburg_70",0.141612938054967
"Johannesburg_39",0.141652093842581
"Johannesburg_40",0.146293160670315
"Johannesburg_82",0.141721294876534
"Johannesburg_86",0.132906640547138
"Johannesburg_88",0.128000931781106
"Johannesburg_89",0.13369845511002
"Johannesburg_85",0.133057451179155
"Johannesburg_126",0.132294107906765
"Johannesburg_98",0.12763756599043
"Johannesburg_99",0.124471650462466
"Johannesburg_117",0.123919793407241
"Johannesburg_102",0.127612448524141
"Johannesburg_90",0.125258105399168
"Johannesburg_87",0.122355978000515
"Johannesburg_69",0.132821706598618
"Johannesburg_60",0.122207446115029
"Johannesburg_67",0.124023813835316
"Johannesburg_59",0.116454520917679
"Johannesburg_123",0.121749408748594
"Johannesburg_63",0.115641025641026
"Johannesburg_62",0.123627141963727
"Johannesburg_64",0.122394311941662
"Johannesburg_66",0.127836734032843
"Johannesburg_73",0.1277917684031
"Johannesburg_74",0.12689148656403
"Johannesburg_91",0.129308159167264
"Johannesburg_103",0.128086930800006
"Johannesburg_108",0.136163250517598
"Johannesburg_107",0.137528953199264
"Johannesburg_81",0.129969659022646
"Johannesburg_75",0.138987698662117
"Johannesburg_76",0.139129872552419
"Johannesburg_116",0.137008432943546
"Johannesburg_105",0.148697436626074
"Johannesburg_72",0.131222844554926
"Johannesburg_118",0.130817089892526
"Johannesburg_65",0.139990903978752
"Johannesburg_57",0.137910508014968
"Johannesburg_61",0.12957433576234
"Johannesburg_56",0.130581625633312
"Johannesburg_32",0.139152926353245
"Johannesburg_77",0.150318003981161
"Johannesburg_78",0.152472683702343
"Johannesburg_111",0.153540504039518
"Johannesburg_79",0.15280117673223
"Johannesburg_110",0.141663187649581
"Johannesburg_80",0.152435129740519
"Johannesburg_93",0.146302015788157
"Johannesburg_112",0.147358165016753
"Johannesburg_92",0.148318103730702
"Johannesburg_94",0.147010449475319
"Johannesburg_113",0.147434938060242
"Johannesburg_96",0.146706638033548
"Johannesburg_106",0.133179245231441
"Johannesburg_109",0.133506545160573
"Johannesburg_115",0.134923329337398
"Johannesburg_104",0.128138187842286
"Johannesburg_101",0.131766396842508
"Johannesburg_97",0.143326159721398
"Johannesburg_114",0.144456224558144
"Johannesburg_100",0.154973408045535
"Johannesburg_95",0.149360058871837
"Johannesburg_71",0.13877682616776
"Johannesburg_83",0.131409667876152
"Johannesburg_127",0.139045061912961
"Johannesburg_84",0.136186131519258
"Johannesburg_41",0.146557370452144
"Johannesburg_43",0.149262328810579
"Johannesburg_42",0.146299082323592
"Johannesburg_38",0.139091085617356
"Johannesburg_45",0.149549056603774
"Johannesburg_36",0.142101300440922
"Johannesburg_47",0.147536803069054
"Johannesburg_44",0.156875158926702
"Johannesburg_49",0.159745907167038
"Johannesburg_129",0.149155166398282
"Johannesburg_48",0.149745408432148
"Johannesburg_46",0.147167235597077
"Johannesburg_34",0.143419441537437
"Johannesburg_51",0.146254119289846
"Johannesburg_52",0.147641167683702
"Johannesburg_128",0.152397190008921
"Johannesburg_53",0.141900478914163
"Johannesburg_50",0.148710084224903
"Johannesburg_130",0.145321084337349
"Johannesburg_20",0.14534705090937
"Johannesburg_14",0.142604003200098
"Johannesburg_13",0.145616259277308
"Johannesburg_10",0.130480794837823
"Johannesburg_9",0.135478585775047
"Johannesburg_8",0.13722207385553
"Johannesburg_11",0.140876171537804
"Johannesburg_12",0.140912152661194
"Johannesburg_19",0.138834876007371
"Johannesburg_16",0.143575772311213
"Johannesburg_15",0.1430335743971
"Johannesburg_21",0.144392653989604
"Johannesburg_33",0.142775984029664
"Johannesburg_35",0.142633546071001
"Johannesburg_37",0.139046458183344
"Johannesburg_22",0.141371002791838
"Johannesburg_17",0.140133149412552
"Johannesburg_120",0.139339214231636
"Johannesburg_121",0.141390889933454
"Johannesburg_7",0.144055255510944
"Johannesburg_4",0.150390195208518
"Johannesburg_5",0.143048917680305
"jakarta_005",0.111907921660095
"jakarta_001",0.130531762146433
"jakarta_021",0.115957696307852
"jakarta_018",0.119595402298851
"jakarta_008",0.119175082117804
"jakarta_023",0.123313523448383
"jakarta_006",0.120914910006351
"jakarta_011",0.122728341506164
"jakarta_031",0.125052912309465
"jakarta_007",0.123189075501109
"jakarta_022",0.11866043775778
"jakarta_030",0.117554232565727
"jakarta_004",0.120152839422225
"jakarta_016",0.120582280521262
"jakarta_033",0.128127923387097
"jakarta_020",0.132467026954897
"jakarta_017",0.118979068259702
"jakarta_015",0.110066422466422
"jakarta_040",0.121633575896847
"jakarta_037",0.117254794238683
"jakarta_024",0.115561790240604
"jakarta_029",0.112243881494204
"jakarta_012",0.118730626772653
"jakarta_042",0.117070788381743
"jakarta_026",0.110532820906995
"jakarta_009",0.112733930602958
"jakarta_036",0.134253623188406
"jakarta_013",0.114423719376392
"jakarta_002",0.113799924585219
"jakarta_025",0.120358976744186
"jakarta_034",0.118750633713561
"jakarta_019",0.118956692913386
"jakarta_041",0.118201688640058
"jakarta_027",0.098987357971027
"jakarta_035",0.117748421402459
"jakarta_038",0.114
"jakarta_039",0.116658602150538
"jakarta_010",0.110749471319059
"jakarta_032",0.113229275298731
"jakarta_003",0.131417631619577
"jakarta_028",0.125658634538153
"jakarta_014",0.132337191915873
"bangkok_017",0.115135533897498
"bangkok_039",0.117520037595807
"bangkok_004",0.120873854326305
"bangkok_024",0.12380096989262
"bangkok_044",0.117824608765223
"bangkok_045",0.110337604016568
"bangkok_029",0.119445947393093
"bangkok_003",0.113084483503749
"bangkok_031",0.117138334671832
"bangkok_015",0.12484539702136
"bangkok_001",0.12620027691627
"bangkok_012",0.118726562186056
"bangkok_046",0.115925858897018
"bangkok_037",0.115880274771709
"bangkok_005",0.113457124416965
"bangkok_022",0.107327494653776
"bangkok_050",0.115677692470655
"bangkok_042",0.116248622076568
"bangkok_009",0.105303254344392
"bangkok_030",0.113263902110106
"bangkok_040",0.102171267605634
"bangkok_034",0.11316938559322
"bangkok_011",0.120756535146838
"bangkok_035",0.113334654471545
"bangkok_038",0.112962668754856
"bangkok_018",0.114231680398924
"bangkok_032",0.119924978925288
"bangkok_008",0.115863612558255
"bangkok_010",0.121303291862874
"bangkok_014",0.120247723050346
"bangkok_016",0.122454375035558
"bangkok_019",0.124294293217419
"bangkok_026",0.125123283483645
"bangkok_002",0.127565654648525
"bangkok_049",0.127821799668893
"bangkok_043",0.123233581513131
"bangkok_048",0.118535043135867
"bangkok_023",0.113996213725237
"bangkok_033",0.123163631901829
"bangkok_007",0.126805905487696
"bangkok_047",0.120756480217846
"bangkok_006",0.0932007275563259
"hochiminh_001",0.122679963470196
"hochiminh_007",0.127339527896814
"hochiminh_004",0.133725138785427
"bangkok_036",0.121934025130721
"bangkok_025",0.116586543769924
"bangkok_041",0.124707851160898
"bangkok_013",0.126701704239454
"bangkok_020",0.123856765263809
"bangkok_021",0.112172420369134
"bangkok_027",0.120259926315032
"bangkok_028",0.111641586551618
"hochiminh_012",0.126365275647831
"hochiminh_024",0.121256353658537
"hochiminh_021",0.11915831499872
"hochiminh_005",0.0993646751372337
"hochiminh_014",0.111864954824042
"hochiminh_019",0.105483729175074
"hochiminh_008",0.102240673491683
"hochiminh_002",0.103464721204721
"hochiminh_006",0.126432552083333
"hochiminh_013",0.103496376811594
"hochiminh_009",0.124613053613054
"hochiminh_015",0.137
"hochiminh_022",0.138999946344735
"hochiminh_023",0.133567713976165
"hochiminh_003",0.118175951679899
"hochiminh_018",NA
"hochiminh_020",0.120124109263658
"hochiminh_017",NA
"hochiminh_011",0.128954545454545
"hochiminh_010",NA
"hochiminh_016",0.1069
"singapore_034",0.076307491084765
"singapore_032",0.0961640581152723
"singapore_009",0.127912093420364
"singapore_010",0.066
"singapore_008",0.12956609538003
"singapore_014",0.144853069987031
"singapore_012",0.126522607198372
"singapore_033",0.115012641007297
"singapore_015",0.153876332288401
"singapore_019",0.138325106382979
"singapore_038",0.141749079580855
"singapore_031",0.143080618412698
"singapore_027",0.128740380387995
"singapore_055",0.138405875936906
"singapore_043",0.11550090951084
"singapore_048",0.150344615384615
"singapore_013",0.141264048824915
"singapore_023",0.123485002099587
"singapore_037",0.127650289553214
"singapore_017",0.126709355577363
"singapore_002",0.132044598429162
"singapore_021",0.123570024182827
"singapore_007",0.113394570286476
"singapore_036",0.131589771215749
"singapore_018",0.0812627393718039
"singapore_030",0.123172743983957
"singapore_022",0.143323170731707
"singapore_001",0.130316132379658
"singapore_020",0.129929020100503
"singapore_050",NA
"singapore_051",NA
"singapore_049",NA
"singapore_047",NA
"singapore_029",0.123
"singapore_052",0.101841446842526
"singapore_045",0.0659876060900551
"singapore_054",0.0820738155668359
"singapore_004",0.0798744769874477
"singapore_046",NA
"singapore_024",NA
"singapore_003",NA
"singapore_011",0.111817369477912
"singapore_005",0.036973544973545
"singapore_042",0.0732878470969029
"singapore_028",0.14925
"singapore_040",NA
"singapore_016",NA
"singapore_044",NA
"singapore_039",NA
"singapore_053",NA
"singapore_025",0.111203271889401
"singapore_035",0.139309038721436
"singapore_006",0.131660501101333
"singapore_041",0.0658720863644225
"singapore_026",0.0952894004847733
"manila_014",0.110150040858821
"manila_001",0.11975377854389
"manila_017",0.0950509322160834
"manila_009",0.0557073924344912
"manila_004",0.0667722766290513
"manila_006",0.0763498980058511
"manila_015",NA
"manila_007",0.115762401483542
"manila_012",0.109266024676497
"manila_005",NA
"manila_016",0.128885086782553
"manila_003",0.131654939106901
"manila_013",0.14116
"manila_011",0.10277999688425
"manila_010",0.125386389855732
"manila_002",0.127746378967818
"manila_008",0.123196355833021
"seoul_005",0.0993448580861094
"seoul_008",0.11155104809923
"seoul_009",0.109522588439644
"seoul_010",0.116938850064561
"seoul_014",0.103758534223023
"seoul_025",0.100955554218548
"seoul_013",0.100297788871004
"seoul_012",0.0988245691633855
"seoul_023",0.0984442812953981
"seoul_011",0.105294941854511
"seoul_007",0.0973093641790673
"seoul_006",0.0945442158062161
"seoul_004",0.107410165106399
"seoul_003",0.103478761272257
"seoul_024",0.0936942532345499
"seoul_018",0.101434765436343
"seoul_022",0.0996352522263899
"seoul_020",0.10342016265847
"seoul_002",0.114737578044882
"seoul_021",0.0959508268827396
"seoul_001",0.109730560306906
"seoul_015",0.113187619793046
"seoul_016",0.107604990506842
"seoul_019",0.104961588867002
"seoul_017",0.10278959102781
"beijing_005",0.115024887115065
"beijing_009",0.101612982989125
"beijing_003",0.147721870862168
"beijing_006",0.131582054606288
"beijing_012",0.117041279283162
"beijing_007",0.122451862910861
"beijing_004",0.103205758079015
"beijing_015",0.101977570982428
"beijing_002",0.132392703789287
"beijing_001",0.117098473731223
"beijing_016",0.112659854056196
"beijing_008",0.108719965452434
"beijing_013",0.144080452841104
"beijing_014",0.141522537266262
"beijing_010",0.111668815315829
"beijing_011",0.125140729131676
"delhi_001",0.143037006447634
"delhi_009",0.133182942033485
"delhi_005",0.123714940124575
"delhi_008",0.146707506164697
"delhi_006",0.124543698169668
"delhi_004",0.133069169022902
"delhi_003",0.130664054022175
"delhi_002",0.126239440992714
"delhi_007",0.136944121536547
"bangalore_184",0.14556650141871
"bangalore_059",0.143616586536622
"bangalore_096",0.146188050185828
"bangalore_077",0.150643608084891
"bangalore_016",0.147508424471405
"bangalore_093",0.147621194248145
"bangalore_153",0.155575970189999
"bangalore_072",0.153718849230455
"bangalore_012",0.141454706688406
"bangalore_040",0.137957988451435
"bangalore_053",0.145209033689128
"bangalore_190",0.147936816825991
"bangalore_001",0.143345433367031
"bangalore_191",0.142035160098522
"bangalore_020",0.135299832345424
"bangalore_028",0.141223095229239
"bangalore_138",0.134223377269942
"bangalore_060",0.144785507709756
"bangalore_044",0.147077164847945
"bangalore_126",0.153524423552655
"bangalore_019",0.147539762692831
"bangalore_171",0.155315762306738
"bangalore_123",0.15385216701717
"bangalore_076",0.141483233840504
"bangalore_003",0.139228996696999
"bangalore_109",0.145699838765711
"bangalore_089",0.136427882242992
"bangalore_045",0.137548243620372
"bangalore_165",0.124447942581495
"bangalore_166",0.131650533559241
"bangalore_183",0.13763601616774
"bangalore_139",0.138743903538427
"bangalore_002",0.135264089719135
"bangalore_047",0.142062138663453
"bangalore_110",0.136208451370404
"bangalore_116",0.131675613059595
"bangalore_176",0.130197564211721
"bangalore_119",0.134366998391136
"bangalore_058",0.133825739539373
"bangalore_081",0.13996436681485
"bangalore_071",0.1575214592574
"bangalore_024",0.146830513964636
"bangalore_018",0.151260574260692
"bangalore_022",0.144877377273783
"bangalore_006",0.152304659911507
"bangalore_025",0.13137216099673
"bangalore_088",0.131866148715766
"bangalore_078",0.134270565682349
"bangalore_143",0.127151465840114
"bangalore_162",0.132016058748404
"bangalore_160",0.13954986069023
"bangalore_147",0.142416567747598
"bangalore_084",0.14619187044187
"bangalore_108",0.147720846199686
"bangalore_056",0.1504071503159
"bangalore_005",0.146722201700102
"bangalore_186",0.145457285440965
"bangalore_197",0.14728693031138
"bangalore_112",0.143585220241292
"bangalore_013",0.139358082706767
"bangalore_100",0.129967317719586
"bangalore_050",0.135094796784614
"bangalore_142",0.142464824528437
"bangalore_195",0.129400284900285
"bangalore_015",0.130289797270496
"bangalore_187",0.134851741444958
"bangalore_178",0.126005546335567
"bangalore_063",0.12748035931614
"bangalore_087",0.12663599006771
"bangalore_192",0.124085497163602
"bangalore_027",0.125695803524
"bangalore_070",0.131102439435859
"bangalore_170",0.127971264367816
"bangalore_177",0.125721308999173
"bangalore_158",0.12263242372206
"bangalore_041",0.126043503741019
"bangalore_092",0.129507452826293
"bangalore_030",0.130257183908046
"bangalore_029",0.131265066512435
"bangalore_023",0.130327378896823
"bangalore_035",0.128003191253191
"bangalore_174",0.126551030873888
"bangalore_140",0.125589175530352
"bangalore_031",0.127701419867261
"bangalore_049",0.128176215955417
"bangalore_185",0.125148684830226
"bangalore_037",0.129698517868686
"bangalore_054",0.130006981126476
"bangalore_036",0.129678548752834
"bangalore_095",0.127500578863587
"bangalore_122",0.126334741240937
"bangalore_007",0.127999447748369
"bangalore_151",0.135266443417921
"bangalore_086",0.130418809553806
"bangalore_052",0.133513216429328
"bangalore_085",0.139615811116514
"bangalore_039",0.144280850118052
"bangalore_154",0.138670790165455
"bangalore_156",0.138969465267366
"bangalore_146",0.130964883573077
"bangalore_168",0.126363686675181
"bangalore_021",0.12557204422263
"bangalore_061",0.122213256704981
"bangalore_075",0.130653764784881
"bangalore_161",0.133483703294048
"bangalore_091",0.128725405679513
"bangalore_129",0.138099482877227
"bangalore_099",0.140665806626833
"bangalore_094",0.141981966537185
"bangalore_118",0.141940430772456
"bangalore_064",0.150358837275577
"bangalore_097",0.146492989768852
"bangalore_157",0.13873492484527
"bangalore_113",0.147394088669951
"bangalore_132",0.146876581493426
"bangalore_102",0.148534436843866
"bangalore_135",0.153846341974998
"bangalore_193",0.153320314425962
"bangalore_180",0.157895477066767
"bangalore_026",0.147359446606975
"bangalore_107",0.142624085965326
"bangalore_051",0.137573818758459
"bangalore_065",0.140794997330432
"bangalore_124",0.140562399291009
"bangalore_159",0.138382203342773
"bangalore_148",0.136842644384413
"bangalore_130",0.13598253369595
"bangalore_043",0.137071768757876
"bangalore_188",0.151446649587258
"bangalore_196",0.145221364098466
"bangalore_082",0.152999494995076
"bangalore_105",0.145794716034674
"bangalore_034",0.141386759517205
"bangalore_009",0.150783965521505
"bangalore_114",0.140615830284359
"bangalore_083",0.132209627181037
"bangalore_167",0.150255047114293
"bangalore_121",0.147739529859131
"bangalore_011",0.151394901060605
"bangalore_067",0.141878167605559
"bangalore_106",0.142402305552346
"bangalore_042",0.147931076096039
"bangalore_181",0.150888599390782
"bangalore_068",0.153679093482805
"bangalore_090",0.1421633498884
"bangalore_111",0.143432594523634
"bangalore_066",0.154772733326861
"bangalore_149",0.149306533717829
"bangalore_144",0.138803065366893
"bangalore_033",0.142754234803786
"bangalore_179",0.142762125590287
"bangalore_115",0.149034153325123
"bangalore_117",0.137317565902365
"bangalore_136",0.140679769943582
"bangalore_120",0.140441017316017
"bangalore_125",0.135220290662989
"bangalore_069",0.134392623308541
"bangalore_079",0.134765000045528
"bangalore_198",0.136252878621195
"bangalore_133",0.132490693742018
"bangalore_175",0.129239652168689
"bangalore_145",0.130020664221227
"bangalore_173",0.128227436267436
"bangalore_150",0.131642379547689
"bangalore_169",0.13107058794442
"bangalore_017",0.134556137807736
"bangalore_004",0.133825215025452
"bangalore_163",0.138091834768968
"bangalore_164",0.14462392856186
"bangalore_194",0.138605049729345
"bangalore_103",0.13915762987013
"bangalore_098",0.137859364694866
"bangalore_057",0.134910242843576
"bangalore_127",0.135898695254716
"bangalore_131",0.140250871080139
"bangalore_128",0.135821917808219
"bangalore_134",0.134016739757299
"bangalore_008",0.137327813136591
"bangalore_189",0.130999050332384
"bangalore_073",0.134522866344605
"bangalore_062",0.134702521670607
"bangalore_141",0.135299641184699
"bangalore_155",0.134472296395194
"bangalore_046",0.12957033924681
"bangalore_104",0.130082125603865
"bangalore_080",0.131852691442512
"bangalore_010",0.130315330951901
"bangalore_014",0.133270420902443
"bangalore_048",0.136344913977364
"bangalore_172",0.130702295263603
"bangalore_038",0.140310016819156
"bangalore_055",0.138513759214358
"bangalore_101",0.138341854533477
"bangalore_032",0.144784213135399
"bangalore_074",0.146506994324732
"bangalore_152",0.142532924585789
"bangalore_182",0.147633425280686
"bangalore_137",0.136690660688917
"copenhagen_007",0.136370334094373
"copenhagen_006",0.127592358237376
"copenhagen_005",0.13082449953281
"copenhagen_008",0.127791252496052
"copenhagen_003",0.109778005308052
"copenhagen_002",0.0906735164196797
"copenhagen_001",0.0933352567724617
"copenhagen_009",0.106605499183505
"copenhagen_004",0.121146035002392
"copenhagen_010",0.137500578455462
"berlin_012",0.104347816821631
"berlin_004",0.1285815832059
"berlin_011",0.120799706016726
"berlin_006",0.119371271722735
"berlin_010",0.10603876710875
"berlin_003",0.128861397711704
"berlin_007",0.130754836123142
"berlin_002",0.110578795702588
"berlin_005",0.111501699235876
"berlin_001",0.108599438949821
"berlin_008",0.114074720769745
"berlin_009",0.114895898148361
"amsterdam_041",0.120305989319919
"amsterdam_039",0.11871835743159
"amsterdam_045",0.111861407970227
"amsterdam_046",0.112054863601311
"amsterdam_044",0.108340922519352
"amsterdam_061",0.109047531112644
"amsterdam_047",0.109076081919214
"amsterdam_051",0.101643241981477
"amsterdam_055",0.101564273798547
"amsterdam_052",0.104342126298961
"amsterdam_053",0.0992290751474005
"amsterdam_021",0.098005766324664
"amsterdam_054",0.094541630982967
"amsterdam_022",0.0906122924527553
"amsterdam_019",0.0900938746438746
"amsterdam_020",0.0888373599269775
"amsterdam_018",0.0908116462976276
"amsterdam_031",0.0954137931034483
"amsterdam_030",0.099910071942446
"amsterdam_029",0.099
"amsterdam_043",0.104387412394677
"amsterdam_042",0.102465833943567
"amsterdam_038",0.117463387758261
"amsterdam_034",0.113981961880569
"amsterdam_026",0.106646029272636
"amsterdam_033",0.115045050423508
"amsterdam_032",0.125885244514876
"amsterdam_024",0.105110537162155
"amsterdam_023",0.109852778270117
"amsterdam_025",0.0999705882352941
"amsterdam_028",0.0996239495798319
"amsterdam_027",0.0970064084170253
"amsterdam_015",0.100947967479675
"amsterdam_017",0.0875065105908584
"amsterdam_016",0.0926641065028162
"amsterdam_014",0.0992819888381532
"amsterdam_013",0.0904394194669959
"amsterdam_012",0.0849558469524543
"amsterdam_011",0.114586700273434
"amsterdam_089",0.0984512679028648
"amsterdam_083",0.118241784077956
"amsterdam_084",0.110642616280078
"amsterdam_036",0.13086410632732
"amsterdam_037",0.136362922861783
"amsterdam_035",0.124876369395712
"amsterdam_040",0.118807292639884
"amsterdam_085",0.13232940281414
"amsterdam_006",0.0829998752261526
"amsterdam_088",0.128232147124258
"amsterdam_078",0.112358700107273
"amsterdam_079",0.107596505287776
"amsterdam_090",0.102683248827806
"amsterdam_082",0.110545532178492
"amsterdam_081",0.116483318813099
"amsterdam_092",0.127108012315231
"amsterdam_087",0.126784329683474
"amsterdam_091",0.149906437457443
"amsterdam_086",0.12600717047213
"amsterdam_080",0.115185318293677
"amsterdam_069",0.0850586360755092
"amsterdam_010",0.0790774130391572
"amsterdam_009",0.0866837884767167
"amsterdam_065",0.0988557944679992
"amsterdam_067",0.0967415908464296
"amsterdam_068",0.101238229144298
"amsterdam_070",0.0994647264204342
"amsterdam_075",0.113680764767023
"amsterdam_076",0.113031621561602
"amsterdam_074",0.109838489532462
"amsterdam_066",0.101478091397849
"amsterdam_064",0.0962376340221623
"amsterdam_077",0.121490987338368
"amsterdam_059",0.106895247090075
"amsterdam_058",0.0948181818181818
"amsterdam_063",0.0917755403597443
"amsterdam_050",0.0952454858997768
"amsterdam_049",0.0958450884502109
"amsterdam_057",0.104360541091967
"amsterdam_048",0.0899557863366941
"amsterdam_008",0.0889180934878849
"amsterdam_004",0.0855906381270903
"amsterdam_005",0.0804676012461059
"amsterdam_002",0.081924571405999
"amsterdam_001",0.0822831555081355
"amsterdam_003",0.0850519741341353
"amsterdam_007",0.0882478847227591
"amsterdam_056",0.101690208101369
"amsterdam_060",0.108391454852923
"amsterdam_062",0.123133917870125
"amsterdam_093",0.130025461104857
"amsterdam_097",0.124173739045875
"amsterdam_094",0.119441152920547
"amsterdam_095",0.121360071077668
"amsterdam_099",0.132545664081718
"amsterdam_096",0.120419315712685
"amsterdam_098",0.129352745419534
"amsterdam_073",0.096594205580793
"amsterdam_072",0.086672119487909
"amsterdam_071",0.0944915303884987
"london_031",0.115229249645255
"london_026",0.1296603719257
"london_016",0.141001869035978
"london_001",0.124445917408519
"london_025",0.110175287184463
"london_030",0.098350740680588
"london_011",0.118429768554449
"london_023",0.112877266353627
"london_003",0.124649861006799
"london_005",0.134320961692545
"london_008",0.124177097706012
"paris_012",0.119329580947584
"paris_016",0.117471352392382
"paris_019",0.112001653161511
"paris_018",0.103905904547858
"paris_020",0.114878485316517
"paris_011",0.107195084870403
"paris_010",0.103298411511201
"paris_003",0.0964919236417034
"paris_004",0.0941041577230188
"paris_002",0.0974641645462256
"paris_009",0.0973022995522996
"paris_001",0.103608620689655
"paris_006",0.104404465370595
"paris_007",0.112105357572824
"paris_008",0.10226007687445
"paris_017",0.106419131111863
"paris_015",0.112383466135411
"paris_014",0.109780636323488
"paris_013",0.107853605519381
"paris_005",0.104175552412881
"london_021",0.12532597912389
"london_029",0.122178459215772
"london_028",0.1057646573155
"london_022",0.106264818975321
"london_007",0.0891992011689408
"london_032",0.108928691535568
"london_033",0.103265851928645
"london_006",0.108105418047051
"london_020",0.102813196909996
"london_013",0.105417501976514
"london_024",0.122104539087591
"london_027",0.12631726634113
"london_018",0.127664274054438
"london_009",0.123997337397774
"london_004",0.119762867202461
"london_002",0.127035568481993
"london_015",0.127739195260918
"london_017",0.136311244875636
"london_010",0.129133391879425
"london_014",0.112163619376898
"london_019",0.102048027310352
"london_012",0.107958770571932
"montreal_13",0.184151355402034
"montreal_27",0.184271414014284
"montreal_2",0.188478348860316
"montreal_5",0.118133638759352
"montreal_17",0.107504339976675
"montreal_7",0.149993043948761
"montreal_33",0.132552299243936
"montreal_3",0.14959246629451
"montreal_28",0.155966234126418
"montreal_4",0.146647471595388
"montreal_24",0.163292077183928
"montreal_34",0.0684442508710801
"montreal_22",0.173910141204522
"montreal_25",0.161382049828381
"montreal_29",0.161959306697915
"montreal_15",0.18381471542096
"montreal_1",0.16155057262773
"montreal_19",0.167947995441334
"montreal_11",0.143201266334771
"montreal_14",0.168513925282904
"montreal_6",0.143614693821277
"montreal_18",0.123792048485167
"montreal_9",0.157258449082391
"montreal_16",0.170340557206278
"montreal_10",0.169374680007255
"montreal_12",0.169953784153346
"montreal_8",0.183218758609829
"montreal_32",0.176443195291904
"montreal_31",0.188850560001285
"montreal_20",0.169124868696101
"montreal_21",0.15916113562529
"montreal_26",0.177598158477496
"montreal_23",0.173649209585303
"montreal_30",0.166173143638169
"vancouver_039",0.0943520889171016
"vancouver_040",0.0877396669137072
"vancouver_041",0.107592710762924
"vancouver_042",0.106754034947312
"vancouver_035",0.0603749363544984
"vancouver_034",0.0771195925136224
"vancouver_030",0.0612230667625404
"vancouver_106",0.0983233612915588
"vancouver_033",0.0994202788339671
"vancouver_036",0.0842005910755911
"vancouver_037",0.100890779187492
"vancouver_038",0.099398153293115
"vancouver_043",0.102371780084583
"vancouver_044",0.10171021697449
"vancouver_071",0.103944710078442
"vancouver_047",0.102587004061231
"vancouver_046",0.0986159580679986
"vancouver_045",0.103144758521116
"vancouver_090",0.0973333333333333
"vancouver_073",0.10118743590866
"vancouver_077",0.0981188029871515
"vancouver_068",0.0928388541112266
"vancouver_078",0.0969913874941382
"vancouver_066",0.0922058823529412
"vancouver_049",0.0882302891454071
"vancouver_022",0.092133079157589
"vancouver_023",0.0884544914703396
"vancouver_029",0.0696233286801117
"vancouver_104",0.0957910364145658
"vancouver_024",0.070283233770648
"vancouver_015",0.0756486486486486
"vancouver_014",0.068789703989704
"vancouver_012",0.0621630651630652
"vancouver_013",0.0660773465773466
"vancouver_011",0.0536931419255119
"vancouver_018",0.0443531135531136
"vancouver_017",0.0650769230769231
"vancouver_019",0.0459731868131868
"vancouver_016",0.071399705990095
"vancouver_020",0.0632682069896226
"vancouver_021",0.0628427800269906
"vancouver_050",0.0690156832199768
"vancouver_051",0.0568544080440424
"vancouver_052",0.0521662973978763
"vancouver_055",0.070645633744021
"vancouver_054",0.077677762286511
"vancouver_059",0.0924359342821133
"vancouver_056",0.0772122662641039
"vancouver_058",0.0995713293360632
"vancouver_086",0.0969770930253555
"vancouver_057",0.097210189857966
"vancouver_085",0.0972959578881675
"vancouver_084",0.0996899643339117
"vancouver_088",0.102252257486528
"vancouver_087",0.10364404259246
"vancouver_114",0.114247489214694
"vancouver_113",0.119265566238415
"vancouver_116",0.111291731873373
"vancouver_115",0.112589915995275
"vancouver_112",0.106670417365768
"vancouver_082",0.103653696583764
"vancouver_083",0.103097874333269
"vancouver_067",0.103180145915634
"vancouver_111",0.112808368460203
"vancouver_091",0.113116080012735
"vancouver_089",0.0982721465826729
"vancouver_081",0.100412468136152
"vancouver_092",0.113933049220654
"vancouver_060",0.0905025760688193
"vancouver_053",0.0708687040181098
"vancouver_061",0.089370803543594
"vancouver_063",0.0881405405405405
"vancouver_062",0.0881453554394731
"vancouver_064",0.089
"vancouver_048",0.0795290613630851
"vancouver_097",0.0738526315789474
"vancouver_027",0.0877355297716714
"vancouver_026",0.0802894736842105
"vancouver_025",0.0810079138062548
"vancouver_065",0.0911445330040413
"vancouver_079",0.0972376193438285
"vancouver_080",0.106384324975545
"vancouver_076",0.102913013564214
"vancouver_075",0.102653597196454
"vancouver_074",0.104271208925234
"vancouver_093",0.108643390846517
"vancouver_107",0.113638596495589
"vancouver_108",0.111645576572578
"vancouver_031",0.115057104761905
"vancouver_103",0.113392280806128
"vancouver_094",0.108430107858835
"vancouver_096",0.109224304512408
"vancouver_101",0.112306140463848
"vancouver_032",0.116545454545455
"vancouver_003",0.119895330214448
"vancouver_002",0.117202723983812
"vancouver_004",0.122046354297169
"vancouver_105",0.116136091453457
"vancouver_005",0.114875416217769
"vancouver_007",0.112501383394835
"vancouver_006",0.115261462675256
"vancouver_109",0.117684676339286
"vancouver_009",0.109530867455396
"vancouver_008",0.106830533797988
"vancouver_117",0.11077994595274
"vancouver_110",0.119650299294202
"vancouver_118",0.107778344917514
"vancouver_010",0.102901155031012
"vancouver_001",0.118975642043031
"vancouver_102",0.112575501770956
"vancouver_100",0.10469816687737
"vancouver_028",0.100342727860375
"vancouver_098",0.103896550950477
"vancouver_099",0.104466895444463
"vancouver_095",0.107559978483055
"vancouver_072",0.104171503974563
"vancouver_070",0.109627323715615
"vancouver_069",0.110399481631733
"tokyo_011",0.0894586532736833
"tokyo_009",0.0870048506139111
"tokyo_008",0.0784722181324163
"tokyo_023",0.090096143137187
"tokyo_022",0.091415301394244
"tokyo_021",0.0942355875352047
"tokyo_007",0.0862933959004605
"tokyo_002",0.0714978908694126
"tokyo_006",0.0850934712938952
"tokyo_003",0.0849649812505031
"tokyo_010",0.089230110140305
"tokyo_013",0.0924377658371991
"tokyo_001",0.0845729351497427
"tokyo_005",0.0892566155512541
"tokyo_004",0.0875559844163182
"tokyo_016",0.0858586709455384
"tokyo_014",0.0867340466549212
"tokyo_017",0.0929443580385421
"tokyo_018",0.0872909804872512
"tokyo_019",0.0945850649981361
"tokyo_020",0.092048893648386
"tokyo_015",0.0893514389168914
"tokyo_012",0.0948178880233073
"melbourne_83",0.130217507061166
"melbourne_84",0.101088492505884
"melbourne_85",0.137262682916544
"melbourne_81",0.131396569489822
"melbourne_82",0.141664153330626
"melbourne_56",0.120692379403422
"melbourne_54",0.125095791605919
"melbourne_57",0.114807515019476
"melbourne_53",0.118452497520079
"melbourne_58",0.115755122655123
"melbourne_61",0.118089570910637
"melbourne_60",0.122252530805445
"melbourne_63",0.118331768118503
"melbourne_59",0.121913726208545
"melbourne_42",0.125274373130895
"melbourne_46",0.122593144846629
"melbourne_62",0.121578898453695
"melbourne_45",0.121605226156119
"melbourne_64",0.120052640570611
"melbourne_43",0.121736776477315
"melbourne_44",0.122351301551857
"melbourne_51",0.119076853466169
"melbourne_49",0.122358557234101
"melbourne_50",0.124836339546111
"melbourne_48",0.122718337599447
"melbourne_93",0.12673485424363
"melbourne_92",0.122361823610808
"melbourne_31",0.121381164925609
"melbourne_34",0.117412986335706
"melbourne_47",0.121651562094911
"melbourne_40",0.121060186602164
"melbourne_35",0.122788525018113
"melbourne_33",0.114512146455233
"melbourne_15",0.10531203976391
"melbourne_22",0.100676295373191
"melbourne_21",0.113252996009478
"melbourne_24",0.113810480570202
"melbourne_28",0.113577494809475
"melbourne_18",0.100979656509159
"melbourne_38",0.118427230153087
"melbourne_13",0.114734487924189
"melbourne_20",0.125412682615079
"melbourne_37",0.12277083070651
"melbourne_41",0.123516642352353
"melbourne_39",0.123141991099905
"melbourne_36",0.125239087301587
"melbourne_1",0.128881174916243
"melbourne_2",0.129249209042502
"melbourne_7",0.129028850227304
"melbourne_6",0.127174304649782
"melbourne_8",0.130679702171011
"melbourne_4",0.129278719082938
"melbourne_52",0.120806189935713
"melbourne_55",0.119623424366873
"melbourne_5",0.127478629493639
"melbourne_10",0.127753192185496
"melbourne_12",0.127398813395737
"melbourne_9",0.130285517302731
"melbourne_3",0.126993906251202
"melbourne_11",0.125358173972737
"melbourne_17",0.125736238106004
"melbourne_16",0.133279696969697
"melbourne_23",0.106814421681194
"melbourne_19",0.1162978296479
"melbourne_14",0.0979621019830084
"melbourne_27",0.114741755685193
"melbourne_26",0.122838307641947
"melbourne_29",0.111253827499952
"melbourne_32",0.120177946252138
"melbourne_30",0.117798050268832
"melbourne_73",0.12360132004656
"melbourne_75",0.120154081047978
"melbourne_25",0.108124138893249
"melbourne_66",0.101552637484128
"melbourne_74",0.121665115223067
"melbourne_67",0.120136469028508
"melbourne_78",0.122885337803735
"melbourne_71",0.125281900208885
"melbourne_80",0.126646449731109
"melbourne_89",0.137536492012889
"melbourne_72",0.125609995464853
"melbourne_77",0.127087484510533
"melbourne_76",0.127760862865948
"melbourne_79",0.12787736129704
"melbourne_86",0.13082164965772
"melbourne_68",0.125950344185973
"melbourne_65",0.100717335562988
"melbourne_88",0.120408090628507
"melbourne_91",0.125721239774878
"melbourne_90",0.149558361177314
"melbourne_87",0.107101111780859
"melbourne_70",0.103605235339987
"melbourne_69",0.107119877466055
"losangeles_001",0.133921641970151
"losangeles_002",0.13400292273679
"losangeles_006",0.127139675555836
"losangeles_005",0.124358255467455
"losangeles_007",0.120994608315326
"losangeles_003",0.119765143205759
"losangeles_004",0.123820212495543
"losangeles_009",0.105686700227937
"losangeles_008",0.123345682628311
"losangeles_022",0.115588216567223
"losangeles_020",0.127215884138648
"losangeles_019",0.126275707344614
"losangeles_018",0.12035397087164
"losangeles_011",0.126323484985369
"losangeles_013",0.11997676421403
"losangeles_012",0.12062691389343
"losangeles_010",0.127020074501504
"losangeles_014",0.118835884812219
"losangeles_015",0.120842558248242
"losangeles_016",0.128837541351562
"losangeles_017",0.122751345343358
"losangeles_021",0.124767485927857
"mexico_014",0.104650664389551
"mexico_005",0.0956899203416055
"mexico_001",0.105463725627533
"mexico_010",0.0877588161756059
"mexico_004",0.117047853681674
"mexico_016",0.124582756602334
"mexico_009",0.128482062750205
"mexico_013",0.129369542170259
"mexico_012",0.104022166006697
"mexico_007",0.127022545718359
"mexico_002",0.130862646171927
"mexico_011",0.114999600454467
"mexico_006",0.115270140483194
"mexico_015",0.124549604947757
"mexico_008",0.122850966192236
"mexico_003",0.116075015922398
"chicago_30",0.123741366488296
"chicago_59",0.132594203461312
"chicago_73",0.134135096184519
"chicago_61",0.13730838505734
"chicago_45",0.134991841357774
"chicago_46",0.140170999951335
"chicago_67",0.135059199386427
"chicago_9",0.129076940928165
"chicago_3",0.142161293633698
"chicago_4",0.133544967589607
"chicago_14",0.135174101141719
"chicago_12",0.136362356783406
"chicago_58",0.143593470307103
"chicago_13",0.132651293171733
"chicago_63",0.12828571327708
"chicago_20",0.120201386973897
"chicago_62",0.126726631139999
"chicago_65",0.127404249189635
"chicago_76",0.135403174140919
"chicago_6",0.129493326698529
"chicago_29",0.134973506316626
"chicago_33",0.130318861142758
"chicago_68",0.146343414543885
"chicago_36",0.124682484401218
"chicago_28",0.14706145973968
"chicago_47",0.123283696209291
"chicago_41",0.106325059897677
"chicago_48",0.134807536524633
"chicago_17",0.139327582415364
"chicago_55",0.118418902054022
"chicago_2",0.142655864346314
"chicago_10",0.141863865718048
"chicago_50",0.135334696542852
"chicago_25",0.142372552488915
"chicago_43",0.156951656578915
"chicago_42",0.160147468792673
"chicago_49",0.149449952997718
"chicago_75",0.130290027228646
"chicago_19",0.14938109884465
"chicago_32",0.142435802017737
"chicago_52",0.144151748065504
"chicago_64",0.15263364990445
"chicago_11",0.138787186368375
"chicago_26",0.139382857242276
"chicago_15",0.12951315589307
"chicago_70",0.13059817381427
"chicago_23",0.13453490551114
"chicago_72",0.148360264597895
"chicago_16",0.160045976371942
"chicago_27",0.153647838172959
"chicago_69",0.14934413629723
"chicago_1",0.163774290519664
"chicago_71",0.143752924958692
"chicago_5",0.138991794871989
"chicago_56",0.172356694694167
"chicago_22",0.137208746508128
"chicago_54",0.143529215109492
"chicago_24",0.138245787217098
"chicago_35",0.141124713629542
"chicago_18",0.143784112454262
"chicago_44",0.140596619708762
"chicago_8",0.143764623542612
"chicago_57",0.140431069665436
"chicago_77",0.129442145103046
"chicago_34",0.135677939734307
"chicago_53",0.140684976676731
"chicago_31",0.147937267718625
"chicago_7",0.138921587470501
"chicago_40",0.13611648004149
"chicago_39",0.126791378837697
"chicago_74",0.141437069337007
"chicago_60",0.126654381106899
"chicago_21",0.119554769752939
"chicago_66",0.126790602062105
"chicago_51",0.120086127541441
"chicago_37",0.116909569270091
"chicago_38",0.121225214621979
"detroit_047",0.147325369168154
"detroit_046",0.147118459638833
"detroit_249",0.149161166710431
"detroit_059",0.145888727818719
"detroit_045",0.149797329098081
"detroit_044",0.148199014905958
"detroit_234",0.145137223238537
"detroit_048",0.143404886545523
"detroit_042",0.139371480257983
"detroit_040",0.134667689900084
"detroit_049",0.14400869476427
"detroit_175",0.144251742947989
"detroit_222",0.144907160530066
"detroit_177",0.150758294018713
"detroit_176",0.153133208255159
"detroit_153",0.152296339455279
"detroit_174",0.140080470214477
"detroit_251",0.143233254943835
"detroit_173",0.145475796923437
"detroit_160",0.148620973809609
"detroit_161",0.141405765337901
"detroit_233",0.141896292996016
"detroit_206",0.144698230932981
"detroit_162",0.139798471706946
"detroit_158",0.138454454532138
"detroit_164",0.142665639776222
"detroit_165",0.141102548193814
"detroit_166",0.139730943169891
"detroit_258",0.141249767152814
"detroit_167",0.142458563799602
"detroit_169",0.136390161911641
"detroit_171",0.137122699055331
"detroit_172",0.141407379046293
"detroit_170",0.133011859260276
"detroit_242",0.134440725761197
"detroit_039",0.128153846153846
"detroit_168",0.140810453830242
"detroit_178",0.134109229058562
"detroit_038",0.132385168125288
"detroit_037",0.134680800878984
"detroit_179",0.133371058895209
"detroit_180",0.13283475567724
"detroit_033",0.130096159258698
"detroit_032",0.131593157894737
"detroit_036",0.139031134237245
"detroit_043",0.147969364803951
"detroit_041",0.1369630851722
"detroit_035",0.149540601278558
"detroit_060",0.151752019669828
"detroit_064",0.154170038189664
"detroit_063",0.15152765273413
"detroit_061",0.154007513416816
"detroit_154",0.150561113644235
"detroit_058",0.152009967221393
"detroit_062",0.149895030616359
"detroit_257",0.151195576176794
"detroit_052",0.153484555740898
"detroit_053",0.1587391219422
"detroit_057",0.150846236394766
"detroit_054",0.157999102781711
"detroit_051",0.14871261487051
"detroit_050",0.148938318205092
"detroit_034",0.138182333138376
"detroit_275",0.148372354317517
"detroit_290",0.13858036614041
"detroit_294",0.139945800736659
"detroit_276",0.147261955888171
"detroit_232",0.151011001113678
"detroit_273",0.144137887716835
"detroit_256",0.14554303666724
"detroit_277",0.143869521457903
"detroit_246",0.145988107647387
"detroit_224",0.147722767721175
"detroit_270",0.146382913437913
"detroit_274",0.155008047734502
"detroit_289",0.154054981952489
"detroit_269",0.145144692216822
"detroit_283",0.150730417180074
"detroit_288",0.156781751198638
"detroit_284",0.156049296620528
"detroit_285",0.145359977116705
"detroit_287",0.147859147869674
"detroit_291",0.141205128205128
"detroit_293",0.136938002537435
"detroit_292",0.133289473684211
"detroit_163",0.140230397777985
"detroit_286",0.133196485470433
"detroit_279",0.13288029215601
"detroit_156",0.136720819138192
"detroit_157",0.139946251021123
"detroit_278",0.1319477582846
"detroit_280",0.146285476418891
"detroit_155",0.147852666405706
"detroit_115",0.143540462437531
"detroit_297",0.158577054415158
"detroit_114",0.152874459035779
"detroit_116",0.15282671757904
"detroit_281",0.153004550481941
"detroit_282",0.145803919889351
"detroit_250",0.142250620347395
"detroit_238",0.148536226166995
"detroit_124",0.155632119902708
"detroit_118",0.136935406437534
"detroit_123",0.139552971443272
"detroit_184",0.151703724053724
"detroit_197",0.139066135734072
"detroit_271",0.143403267135804
"detroit_272",0.144227292986223
"detroit_239",0.145224484723019
"detroit_152",0.147811910669975
"detroit_196",0.143881609163343
"detroit_194",0.143039118065434
"detroit_119",0.141806236146364
"detroit_027",0.150294195683097
"detroit_195",0.146305469556244
"detroit_098",0.150074258624866
"detroit_099",0.151728265501811
"detroit_193",0.146415652902779
"detroit_014",0.144096929442042
"detroit_122",0.141949291497976
"detroit_120",0.140998989321129
"detroit_121",0.136855597237395
"detroit_231",0.145763768115942
"detroit_185",0.150712480824019
"detroit_189",0.141970746039857
"detroit_191",0.149657894736842
"detroit_188",0.141763107689733
"detroit_192",0.146222758204841
"detroit_100",0.152182732337712
"detroit_144",0.155058183921342
"detroit_095",0.159346705164038
"detroit_148",0.14674871593881
"detroit_031",0.141445421138842
"detroit_229",0.149271380365809
"detroit_066",0.153405470635984
"detroit_028",0.137891047440716
"detroit_187",0.139202364840869
"detroit_254",0.135073542441963
"detroit_186",0.139701507963402
"detroit_253",0.13628677462888
"detroit_142",0.139685211525477
"detroit_030",0.149935674467362
"detroit_259",0.141930044819679
"detroit_105",0.153996825396825
"detroit_107",0.154778264960541
"detroit_092",0.152030460708889
"detroit_109",0.164113950558214
"detroit_108",0.159435545985546
"detroit_016",0.158886123680241
"detroit_237",0.153251416219439
"detroit_093",0.145997388414055
"detroit_009",0.143499651321633
"detroit_094",0.14206100490311
"detroit_262",0.148824528256995
"detroit_106",0.153844217741846
"detroit_295",0.135459359500099
"detroit_296",0.144467429255851
"detroit_159",0.141807351029911
"detroit_263",0.140595456034208
"detroit_083",0.15081445807774
"detroit_084",0.149875338946621
"detroit_081",0.156392785647849
"detroit_080",0.155139265290535
"detroit_068",0.153422137939827
"detroit_247",0.15191998357273
"detroit_079",0.16559138836773
"detroit_071",0.154133977047276
"detroit_070",0.154198717315731
"detroit_004",0.148341137416505
"detroit_082",0.157540607431784
"detroit_078",0.161856536198047
"detroit_006",0.158514448520782
"detroit_085",0.16185260830802
"detroit_086",0.161125168802489
"detroit_007",0.164471029526825
"detroit_087",0.153733559262206
"detroit_091",0.152206334841629
"detroit_088",0.152309747864972
"detroit_089",0.152989975138343
"detroit_090",0.14716060657943
"detroit_110",0.157850848271823
"detroit_111",0.162538579249106
"detroit_140",0.151482081792535
"detroit_141",0.143792218467719
"detroit_205",0.133213601549965
"detroit_026",0.14206947825468
"detroit_213",0.143190108585348
"detroit_214",0.149652517190332
"detroit_228",0.152491088611832
"detroit_227",0.163031291248189
"detroit_240",0.146787292277615
"detroit_012",0.141860428012847
"detroit_001",0.134535470842289
"detroit_204",0.136342513808031
"detroit_002",0.151652789077143
"detroit_202",0.108789003126503
"detroit_200",0.147204843153589
"detroit_212",0.15565586788603
"detroit_210",0.154127263902435
"detroit_211",0.156958324319313
"detroit_024",0.153077743287949
"detroit_236",0.156035874578044
"detroit_008",0.150663420250465
"detroit_010",0.149326108861898
"detroit_011",0.146887745090117
"detroit_221",0.147119802267744
"detroit_198",0.15457709076971
"detroit_260",0.145133065986147
"detroit_203",0.154061235818617
"detroit_199",0.151648574491179
"detroit_065",0.145427407780349
"detroit_025",0.115287781349514
"detroit_245",0.149517455520094
"detroit_020",0.139395516382931
"detroit_241",0.139940162761215
"detroit_029",0.128079127791732
"detroit_023",0.142958870661132
"detroit_021",0.145459296527769
"detroit_022",0.154094663556497
"detroit_019",0.147097081204824
"detroit_268",0.159182083447843
"detroit_209",0.156172375491663
"detroit_018",0.157256754588489
"detroit_005",0.152959713816282
"detroit_077",0.15306745048001
"detroit_076",0.14998612304332
"detroit_072",0.142130917050429
"detroit_075",0.140417058444402
"detroit_015",0.166047519128217
"detroit_143",0.14921003508827
"detroit_074",0.139057331314274
"detroit_243",0.142609528122564
"detroit_073",0.139880814623973
"detroit_136",0.137889698191478
"detroit_137",0.135384950233634
"detroit_138",0.134194806876835
"detroit_183",0.136807788671024
"detroit_255",0.152854891946355
"detroit_244",0.167702659642296
"detroit_017",0.176221386998721
"detroit_219",0.163199954896635
"detroit_264",0.157841036131596
"detroit_267",0.15921808439805
"detroit_003",0.166849054781706
"detroit_266",0.123015725321891
"detroit_265",0.141468589790168
"detroit_261",0.129314222108876
"detroit_220",0.128221423207523
"detroit_139",0.136866992338599
"detroit_182",0.134918434674624
"detroit_151",0.146666127678483
"detroit_181",0.145320043239662
"detroit_133",0.140090391363023
"detroit_126",0.148548131016377
"detroit_129",0.141312071868766
"detroit_134",0.13807699464209
"detroit_135",0.137408978340093
"detroit_128",0.14307524393739
"detroit_127",0.143641025641026
"detroit_132",0.149234752265279
"detroit_131",0.143377238884758
"detroit_069",0.14299242188311
"detroit_067",0.148903983265946
"detroit_130",0.145617414949544
"detroit_201",0.10656489750174
"detroit_216",0.109250109011628
"detroit_215",0.11265128606187
"detroit_217",0.140989372757054
"detroit_226",0.161074895089122
"detroit_218",0.168938753972902
"detroit_013",0.145839827744607
"detroit_097",0.17097466343386
"detroit_096",0.162004676444452
"detroit_125",0.154297015029124
"detroit_223",0.149833859268553
"detroit_150",0.15151219293527
"detroit_235",0.158627357859532
"detroit_252",0.148198948806896
"detroit_146",0.164856873219373
"detroit_145",0.155519028205342
"detroit_225",0.168218837406655
"detroit_248",0.146002477483579
"detroit_102",0.149371963758526
"detroit_103",0.140172058803344
"detroit_207",0.144436683691691
"detroit_147",0.143902567502514
"detroit_149",0.147935507266334
"detroit_230",0.144445858042136
"detroit_104",0.14356333429294
"detroit_112",0.147975636506071
"detroit_113",0.150714018177176
"detroit_117",0.144722991283967
"detroit_190",0.152415605032345
"detroit_101",0.141472210950537
"detroit_055",0.148390597875628
"detroit_208",0.14283060701714
"detroit_056",0.148476978474885
"atlanta_120",0.125228792596403
"atlanta_018",0.116093745201181
"atlanta_001",0.111385948904472
"atlanta_013",0.151580673632866
"atlanta_105",0.12175019545595
"atlanta_108",0.118276639147435
"atlanta_008",0.11824799749546
"atlanta_077",0.124000278313979
"atlanta_083",0.113791530663704
"atlanta_089",0.119552135097838
"atlanta_084",0.116844466033459
"atlanta_020",0.116421627163301
"atlanta_081",0.117607589796774
"atlanta_082",0.118482695775985
"atlanta_038",0.120069507682275
"atlanta_037",0.11953755613482
"atlanta_055",0.11935875779574
"atlanta_025",0.118840246604825
"atlanta_104",0.127399973632698
"atlanta_118",0.128507874197356
"atlanta_026",0.119647309401459
"atlanta_024",0.128680254184177
"atlanta_101",0.133330797814552
"atlanta_069",0.123049125197021
"atlanta_126",0.125438955127405
"atlanta_064",0.125403207007795
"atlanta_027",0.111729470054749
"atlanta_074",0.116817208547518
"atlanta_070",0.121284205377078
"atlanta_125",0.121211193224694
"atlanta_014",0.120796341694154
"atlanta_028",0.114424427867893
"atlanta_045",0.113358132465661
"atlanta_079",0.110227272727273
"atlanta_068",0.118661371189272
"atlanta_065",0.121221422782999
"atlanta_114",0.125038635840153
"atlanta_050",0.129750666336193
"atlanta_066",0.121475835517388
"atlanta_109",0.120802178836402
"atlanta_106",0.116188981002202
"atlanta_067",0.113433425053997
"atlanta_075",0.116391425282772
"atlanta_049",0.116321745974499
"atlanta_012",0.129269749552508
"atlanta_052",0.118027804721097
"atlanta_041",0.12683312115204
"atlanta_048",0.115299540284696
"atlanta_034",0.116568579808939
"atlanta_060",0.114545982245392
"atlanta_103",0.125755372676104
"atlanta_035",0.133549872912128
"atlanta_112",0.129582239382239
"atlanta_040",0.133655229792121
"atlanta_097",0.140583333333333
"atlanta_029",0.12870831215369
"atlanta_005",0.132025063782526
"atlanta_036",0.126309058921374
"atlanta_039",0.123170393112072
"atlanta_053",0.124267117883257
"atlanta_051",0.129333333333333
"atlanta_056",0.116565030424566
"atlanta_063",0.118010030890519
"atlanta_054",0.124668721127699
"atlanta_078",0.124284651360544
"atlanta_094",0.116180554045476
"atlanta_116",0.119231399687305
"atlanta_095",0.118255982036943
"atlanta_091",0.113492483468446
"atlanta_092",0.113142214448683
"atlanta_093",0.111798437568979
"atlanta_121",0.106502266820874
"atlanta_122",0.108203451857662
"atlanta_090",0.11445328637587
"atlanta_073",0.111792143011657
"atlanta_123",0.114781338424049
"atlanta_009",0.114123517984459
"atlanta_107",0.113302978594613
"atlanta_007",0.114005237914931
"atlanta_006",0.112970759562319
"atlanta_110",0.110056441074871
"atlanta_129",0.121644199787586
"atlanta_010",0.125848626003511
"atlanta_085",0.128493390163083
"atlanta_096",0.1230283929837
"atlanta_135",0.128870584065631
"atlanta_115",0.129575336643758
"atlanta_086",0.129479157769126
"atlanta_030",0.122255220990259
"atlanta_061",0.116559435020108
"atlanta_087",0.121047544192222
"atlanta_072",0.122782033289414
"atlanta_117",0.107782649790405
"atlanta_019",0.105739988188967
"atlanta_004",0.106325664695477
"atlanta_111",0.108512545564164
"atlanta_011",0.118954777373563
"atlanta_102",0.109680508563413
"atlanta_100",0.110821400474298
"atlanta_119",0.109783255971923
"atlanta_130",0.106124405763612
"atlanta_002",0.108556315665011
"atlanta_003",0.111696699035469
"atlanta_127",0.105968250303348
"atlanta_128",0.11141834714452
"atlanta_133",0.112241156425114
"atlanta_132",0.11022339458774
"atlanta_131",0.113814853525804
"atlanta_099",0.108627520097975
"atlanta_124",0.108251193929422
"atlanta_088",0.114522988169673
"atlanta_021",0.106212788537157
"atlanta_022",0.116119541531584
"atlanta_080",0.116315332260886
"atlanta_023",0.114257540125114
"atlanta_098",0.110440291892375
"atlanta_134",0.109433120480718
"atlanta_113",0.11103694734911
"atlanta_032",0.128142160183776
"atlanta_057",0.119421114194888
"atlanta_062",0.115070217424793
"atlanta_071",0.122434578832621
"atlanta_058",0.116863058356372
"atlanta_059",0.116429660997591
"atlanta_047",0.112735497482756
"atlanta_042",0.112888098847182
"atlanta_033",0.112085198989333
"atlanta_043",0.114116029390783
"atlanta_044",0.112184942802002
"atlanta_031",0.111661777498956
"atlanta_017",0.112493025570002
"atlanta_015",0.112487095872738
"atlanta_046",0.117906083415265
"atlanta_076",0.112257854649318
"atlanta_016",0.11284272960205
"newyork_021",0.119248809472615
"newyork_055",0.0887070692441989
"newyork_032",0.103015804607671
"newyork_039",0.101134258215882
"newyork_041",0.094448027859717
"newyork_040",0.119677875496772
"newyork_038",0.113237152092777
"newyork_037",0.120301219692121
"newyork_036",0.109410875428645
"newyork_035",0.115934357493527
"newyork_022",0.126703976820356
"newyork_023",0.116293082672696
"newyork_020",0.0782754710667882
"newyork_017",0.0816142466983437
"newyork_016",0.0948298036290467
"newyork_015",0.0908093880525919
"newyork_014",0.108015241699373
"newyork_042",0.11020800308381
"newyork_050",0.123947755445671
"newyork_018",0.0759773033555698
"newyork_024",0.145074276048844
"newyork_025",0.14746496379523
"newyork_019",0.0888338290303138
"newyork_027",0.116325358836184
"newyork_028",0.118843996908834
"newyork_029",0.123573370887518
"newyork_034",0.123690646364113
"newyork_033",0.125409036794653
"newyork_026",0.12980680982409
"newyork_030",0.131058030959821
"newyork_051",0.14540448400105
"newyork_031",0.132766893506187
"newyork_054",0.137487401424605
"newyork_052",0.139906017694125
"newyork_049",0.120641904483559
"newyork_048",0.119022017967275
"newyork_043",0.112843310351972
"newyork_044",0.110414401339198
"newyork_045",0.120354212498512
"newyork_047",0.128634385201944
"newyork_053",0.135530922844932
"newyork_046",0.135285970719861
"newyork_003",0.0962897077170873
"newyork_009",0.10853919698281
"newyork_004",0.114551861429243
"newyork_002",0.118660417877512
"newyork_001",0.104021100870155
"newyork_006",0.108543623347777
"newyork_005",0.115583139556519
"newyork_007",0.10543215785027
"newyork_011",0.091031197471458
"newyork_008",0.119432957159446
"newyork_013",0.118181976687946
"newyork_010",0.108257391437431
"newyork_012",0.103224550984426
"boston_151",0.0337821611726654
"boston_153",0.136759395830946
"boston_47",0.127345819954126
"boston_46",0.130134787542555
"boston_51",0.121577983966798
"boston_95",0.09477006362059
"boston_48",0.116164915752549
"boston_91",0.113165848667053
"boston_168",0.119833333333333
"boston_165",0.102020295896436
"boston_169",0.102923611111111
"boston_167",0.105856944444444
"boston_166",0.11678125
"boston_171",0.107770833333333
"boston_90",0.098652977211356
"boston_170",0.0791344537815126
"boston_157",0.0957341594685653
"boston_174",0.0802606030647553
"boston_50",0.0886654204160286
"boston_154",0.0949541261766614
"boston_121",0.0902498776074195
"boston_49",0.0819910714285714
"boston_58",0.103738151260504
"boston_59",0.0992132052821128
"boston_127",0.112137910744166
"boston_96",0.114234271099744
"boston_126",0.122842946351561
"boston_130",0.1092589763178
"boston_97",0.115276254199718
"boston_67",0.115179686241114
"boston_60",0.0954285714285714
"boston_131",0.0954285714285714
"boston_129",0.0954285714285714
"boston_68",0.0957073366330885
"boston_3",0.0897838763575606
"boston_172",0.117763836163836
"boston_173",0.107366233766234
"boston_12",0.117858182238493
"boston_64",0.121713213714968
"boston_134",0.127958456052206
"boston_18",0.117457985457985
"boston_115",0.12052670969939
"boston_114",0.119349671453632
"boston_99",0.118677797558037
"boston_98",0.117660451148823
"boston_17",0.115507523507982
"boston_101",0.117316050092646
"boston_113",0.116524905550712
"boston_57",0.116333333333333
"boston_9",0.116333333333333
"boston_100",0.114148186741414
"boston_32",0.137181133632553
"boston_31",0.127414946389414
"boston_37",0.120840042747542
"boston_119",0.116145642260486
"boston_69",0.112036009561108
"boston_103",0.114460259153199
"boston_15",0.123325
"boston_161",0.120551520445002
"boston_16",0.122069873442753
"boston_52",0.123486142593039
"boston_40",0.125985388912763
"boston_14",0.12743101613299
"boston_116",0.129062947569415
"boston_53",0.12729426958629
"boston_42",0.130883908742176
"boston_13",0.128519981291067
"boston_135",0.117824983277592
"boston_36",0.115500369404607
"boston_34",0.115749084249084
"boston_33",0.112474877105718
"boston_72",0.112300057944176
"boston_35",0.117588235294118
"boston_71",0.117170276325616
"boston_180",0.113182595182595
"boston_179",0.109856937455068
"boston_132",0.109502708953297
"boston_73",0.107240106951872
"boston_74",0.103996946564886
"boston_63",0.109945210543234
"boston_65",0.116485589840853
"boston_8",0.113259259259259
"boston_10",0.114361111111111
"boston_11",0.113789473684211
"boston_5",0.111429824561403
"boston_158",0.110710275267293
"boston_56",0.11025
"boston_7",0.109947511054058
"boston_6",0.0993725623582766
"boston_55",0.0977216049382716
"boston_62",0.106195391414141
"boston_61",0.0928559110032794
"boston_4",0.0906594055231537
"boston_109",0.0971682995367206
"boston_112",0.0983198757763975
"boston_110",0.103418073593074
"boston_2",0.109055555555556
"boston_1",0.108780578139115
"boston_108",0.102969696969697
"boston_111",0.10399994746354
"boston_80",0.10420202020202
"boston_79",0.117307758962171
"boston_76",0.113220202020202
"boston_75",0.104663123380401
"boston_133",0.108325396825397
"boston_77",0.116192229038855
"boston_177",0.113981602818846
"boston_178",0.113260568260568
"boston_175",0.111102168102168
"boston_78",0.115314035087719
"boston_176",0.11247978673732
"boston_148",0.119419416617871
"boston_144",0.112952448689291
"boston_145",0.111456468314477
"boston_136",0.110274745479167
"boston_122",0.115297868251865
"boston_143",0.115810046554544
"boston_140",0.113682158846445
"boston_139",0.110583333333333
"boston_141",0.107964439580293
"boston_142",0.101078720486191
"boston_137",0.0895017847610625
"boston_150",0.0767273288849663
"boston_107",0.0905909090909091
"boston_66",0.0672832046960903
"boston_124",0.0937921156646557
"boston_123",0.0907105263157895
"boston_125",0.117871220852396
"boston_128",0.107128227571385
"boston_120",0.0914051889418022
"boston_92",0.100389567669173
"boston_155",0.0876249497790277
"boston_149",0.0683593212001967
"boston_156",0.0570263157894737
"boston_152",0.0440972510972511
"boston_106",0.102585391155436
"boston_105",0.110681677663
"boston_104",0.123485544498907
"boston_25",0.116836797513682
"boston_24",0.126570551038844
"boston_27",0.125547838910947
"boston_45",0.125758958588641
"boston_26",0.119741551724138
"boston_84",0.112746012759171
"boston_83",0.115267572944297
"boston_85",0.111944922122207
"boston_86",0.11445182946286
"boston_88",0.107141460315707
"boston_89",0.107052631578947
"boston_138",0.108152596376281
"boston_87",0.108074655751347
"boston_146",0.112684942298287
"boston_147",0.118368421052632
"boston_162",0.118031798354447
"boston_82",0.125878693830922
"boston_163",0.115890491817968
"boston_164",0.111216216216216
"boston_81",0.125686284908221
"boston_28",0.121253023705854
"boston_70",0.123793845111528
"boston_43",0.12339217603912
"boston_41",0.127425290148448
"boston_44",0.12655134659391
"boston_21",0.129397522735964
"boston_22",0.123917747046961
"boston_23",0.128294377240143
"boston_118",0.133920680740599
"boston_20",0.12612127065139
"boston_117",0.134266400859276
"boston_19",0.124672264360465
"boston_160",0.128406895693303
"boston_159",0.124622706015159
"boston_54",0.125769377289377
"boston_38",0.123049095989481
"boston_39",0.118623274161736
"boston_30",0.127601740444213
"boston_93",0.130061760917925
"boston_102",0.13110030258604
"boston_94",0.137504228882953
"boston_29",0.133764718409119
"lima_001",0.155982015167984
"lima_024",0.142389168102143
"lima_027",0.156043299618441
"lima_026",0.152363073352974
"lima_019",0.144039165930392
"lima_023",0.152502644437103
"lima_008",0.152554965619975
"lima_029",0.150237784830235
"lima_038",0.157275903017033
"lima_007",0.150721279127323
"lima_040",0.133765293329609
"lima_003",0.129640747949104
"lima_022",0.136370810885481
"lima_033",0.136652388901069
"lima_043",0.141598785246298
"lima_042",0.156079810209113
"lima_013",0.136883255192423
"lima_002",0.154606810563549
"lima_018",0.146852087734094
"lima_006",0.147618303124521
"lima_010",0.128882880231712
"lima_037",0.131504023042896
"lima_032",0.146551613682851
"lima_015",0.110389546260332
"lima_034",0.130485988031576
"lima_014",0.111199014871649
"lima_030",0.151286320817617
"lima_031",0.127971915506481
"lima_041",0.132653230602866
"lima_020",0.148363547758285
"lima_012",0.115321608040201
"lima_016",NA
"lima_028",0.116516070608077
"lima_004",0.103414634146341
"lima_021",0.120755924170616
"lima_036",0.143610437726177
"lima_035",0.139080523897132
"lima_017",0.136194503571202
"lima_009",0.133899565014974
"lima_011",0.117421147755666
"lima_005",0.156451744583987
"lima_025",0.136108792335828
"lima_039",0.145426024469801
"saopaulo_052",0.104852956524194
"saopaulo_056",0.112249089277802
"saopaulo_030",0.0997182343374159
"saopaulo_069",0.121987176877491
"saopaulo_059",0.0961298756142526
"saopaulo_027",0.118097986196941
"saopaulo_037",0.121336498643412
"saopaulo_022",0.119842069041758
"saopaulo_016",0.122116815996436
"saopaulo_023",0.102629077828945
"saopaulo_042",0.106621794796205
"saopaulo_045",0.094766234440832
"saopaulo_081",0.0904376575638791
"saopaulo_072",0.1186828304857
"saopaulo_015",0.123644855706913
"saopaulo_034",0.114304547147479
"saopaulo_053",0.114157904715081
"saopaulo_055",0.117151953204833
"saopaulo_085",0.113264872265306
"saopaulo_017",0.12194294862929
"saopaulo_019",0.123469763536215
"saopaulo_096",0.126303176924599
"saopaulo_066",0.123333292849233
"saopaulo_068",0.125836428231568
"saopaulo_012",0.121606470954408
"saopaulo_040",0.122187001864771
"saopaulo_002",0.122966362651908
"saopaulo_090",0.11753446316664
"saopaulo_048",0.120317739418668
"saopaulo_063",0.116193545428547
"saopaulo_044",0.108880631017483
"saopaulo_026",0.106600481497234
"saopaulo_061",0.119742333472709
"saopaulo_006",0.117603979462459
"saopaulo_070",0.111208517939901
"saopaulo_009",0.112220069676526
"saopaulo_021",0.120541328653182
"saopaulo_071",0.124337365990708
"saopaulo_067",0.0990165180781413
"saopaulo_007",0.0995323864360399
"saopaulo_080",0.102611123851722
"saopaulo_057",0.116236319208135
"saopaulo_088",0.127189143806449
"saopaulo_094",0.128017592764295
"saopaulo_091",0.123011436918081
"saopaulo_008",0.12219489075454
"saopaulo_010",0.117276153288182
"saopaulo_014",0.120481440484623
"saopaulo_049",0.112489019153709
"saopaulo_054",0.123349556661721
"saopaulo_033",0.121128592178456
"saopaulo_092",0.116795696064311
"saopaulo_079",0.123607950681148
"saopaulo_095",0.124448863339066
"saopaulo_001",0.12584642437291
"saopaulo_087",0.127565732756086
"saopaulo_074",0.123596134434472
"saopaulo_078",0.120156882586016
"saopaulo_004",0.12549491238704
"saopaulo_020",0.13060451262335
"saopaulo_093",0.129301715232608
"saopaulo_024",0.126884586938323
"saopaulo_060",0.128813999804712
"saopaulo_065",0.127332936713567
"saopaulo_018",0.126888114150111
"saopaulo_082",0.120922441041158
"saopaulo_038",0.127885348524797
"saopaulo_028",0.126472521351452
"saopaulo_005",0.127227600261307
"saopaulo_089",0.127385454410085
"saopaulo_036",0.125806407731684
"saopaulo_076",0.12747468718223
"saopaulo_043",0.126878885899558
"saopaulo_035",0.130846509088795
"saopaulo_086",0.127737943391286
"saopaulo_047",0.130461543148993
"saopaulo_046",0.124062365918076
"saopaulo_031",0.130205758962622
"saopaulo_025",0.127631134280239
"saopaulo_032",0.126316389572481
"saopaulo_058",0.116867715805922
"saopaulo_075",0.123366219153232
"saopaulo_077",0.13213497316427
"saopaulo_003",0.115037902090788
"saopaulo_062",0.121929655830241
"saopaulo_013",0.114706054219347
"saopaulo_011",0.108722556374942
"saopaulo_051",0.112998256007421
"saopaulo_083",0.10962500722985
"saopaulo_084",0.127810127119814
"saopaulo_029",0.119707829123603
"saopaulo_050",0.120270411064936
"saopaulo_064",0.120567474232322
"saopaulo_039",0.121210027749857
"saopaulo_073",0.12346734927126
"saopaulo_041",0.116957345747742
